#filename       TimeStamp	Time [sec]   	MPT Index     force	displacement	 stress 	strain15per		TC1		TC2		TC3		TC4		SampleTemp[C]	SampleOTemp[C]	Strain0 []	Strain1 []
400.gda 	54632713290 	752083071.2 	171207.659 	0 	5315.703872 	-0.1502025 	169.451828881097 	-0.005682 	1375.872922 	1374.336703 	20.4889215 	21.1295185 	0 	0
401.gda 	54568322940 	752083131.6 	171267.9829 	0 	6276.823291 	-0.1280395 	200.089999713102 	-0.0050115 	1375.906235 	1374.397026 	20.4704725 	21.0404875 	0 	0
402.gda 	54556880110 	752083191.5 	171327.9169 	0 	7030.759651 	-0.1065335 	224.123673924131 	-0.004346 	1375.849512 	1374.321622 	20.479637 	21.1385645 	0 	0
403.gda 	54721157010 	752083251.3 	171387.7188 	0 	7648.155475 	-0.085831 	243.804764902773 	-0.0036785 	1375.902408 	1374.406705 	20.5850945 	21.2514015 	0 	0
404.gda 	54552629470 	752083311.1 	171447.4721 	0 	8149.154467 	-0.066295 	259.775405387313 	-0.0030155 	1376.013602 	1374.268502 	20.580095 	21.0353695 	0 	0
405.gda 	54638833890 	752083371 	171507.3746 	0 	8588.441798 	-0.0472675 	273.778826840931 	-0.0023505 	1376.016077 	1374.248919 	20.482137 	21.025728 	0 	0
406.gda 	54558625830 	752083430.8 	171567.1995 	0 	8959.861069 	-0.030703 	285.618778100096 	-0.001686 	1375.881475 	1374.239691 	20.6399655 	21.0269185 	0 	0
407.gda 	23071381830 	752083491.2 	171627.6239 	0 	9292.733124 	-0.0119875 	296.229937009882 	-0.0010115 	1375.858966 	1374.246668 	20.5804525 	21.110951 	0 	0
408.gda 	0 		752058976.4 	147112.7735 	0 	-30.062649 	-0.056724 	-0.95832480076506 	-2.2E-05 	1375.852889 	1374.401978 	20.463807 	21.01823 	0 	0
409.gda 	0 		752058976.4 	147112.7735 	0 	-30.062649 	-0.056724 	-0.95832480076506 	-2.2E-05 	1375.852889 	1374.401978 	20.463807 	21.01823 	0 	0
410.gda 	0 		752058976.4 	147112.7735 	0 	-30.062649 	-0.056724 	-0.95832480076506 	-2.2E-05 	1375.852889 	1374.401978 	20.463807 	21.01823 	0 	0
411.gda 	0 		752058976.4 	147112.7735 	0 	-30.062649 	-0.056724 	-0.95832480076506 	-2.2E-05 	1375.852889 	1374.401978 	20.463807 	21.01823 	0 	0
412.gda 	0 		752058976.4 	147112.7735 	0 	-30.062649 	-0.056724 	-0.95832480076506 	-2.2E-05 	1375.852889 	1374.401978 	20.463807 	21.01823 	0 	0
413.gda 	0 		752058976.4 	147112.7735 	0 	-30.062649 	-0.056724 	-0.95832480076506 	-2.2E-05 	1375.852889 	1374.401978 	20.463807 	21.01823 	0 	0
414.gda 	33661933970 	752083911 	172047.4397 	0 	10742.67044 	0.096759 	342.450444373605 	0.0036495 	1375.875398 	1374.321397 	20.4793995 	21.014659 	0 	0
415.gda 	54465436470 	752083970.9 	172107.2935 	0 	10869.88616 	0.1133235 	346.505774944214 	0.004315 	1375.800894 	1374.235414 	20.4848745 	20.958955 	0 	0
416.gda 	46826549710 	752084031.2 	172167.6494 	0 	10990.0918 	0.127623 	350.337641058336 	0.004989 	1375.824304 	1374.531853 	20.3576355 	20.908726 	0 	0
417.gda 	53011454500 	752084091.6 	172227.9844 	0 	11084.21075 	0.143449 	353.337926362767 	0.005659 	1375.894305 	1374.31847 	20.3654915 	21.0159685 	0 	0
418.gda 	0 		752058976.4 	147112.7735 	0 	-30.062649 	-0.056724 	-0.95832480076506 	-2.2E-05 	1375.852889 	1374.401978 	20.463807 	21.01823 	0 	0
419.gda 	0 		752058976.4 	147112.7735 	0 	-30.062649 	-0.056724 	-0.95832480076506 	-2.2E-05 	1375.852889 	1374.401978 	20.463807 	21.01823 	0 	0
420.gda 	0 		752058976.4 	147112.7735 	0 	-30.062649 	-0.056724 	-0.95832480076506 	-2.2E-05 	1375.852889 	1374.401978 	20.463807 	21.01823 	0 	0
421.gda 	0 		752058976.4 	147112.7735 	0 	-30.062649 	-0.056724 	-0.95832480076506 	-2.2E-05 	1375.852889 	1374.401978 	20.463807 	21.01823 	0 	0
422.gda 	0 		752058976.4 	147112.7735 	0 	-30.062649 	-0.056724 	-0.95832480076506 	-2.2E-05 	1375.852889 	1374.401978 	20.463807 	21.01823 	0 	0
423.gda 	48338483510 	752084639.4 	172775.8599 	4.9543615 	9436.201823 	0.217572 	300.803373382212 	0.009632 	1376.025531 	1374.183193 	20.4711865 	21.1064275 	0 	0
424.gda 	53201785480 	752084699.7 	172836.1514 	0 	5952.159895 	0.1833755 	189.740513069812 	0.00897 	1375.893855 	1374.257022 	20.4847555 	21.236761 	0 	0
425.gda 	54420068550 	752084759.5 	172895.9119 	0 	2728.32871 	0.1477995 	86.9725441504622 	0.0083015 	1376.030483 	1374.3322 	20.4757095 	21.144635 	0 	0
426.gda 	54390036590 	752084819.4 	172955.8125 	0 	42.320088 	0.1174115 	1.34906241632133 	0.007635 	1375.85469 	1374.255222 	20.4889215 	20.910035 	0 	0
427.gda 	54448907930 	752084879.2 	173015.6384 	0 	-2078.975095 	0.087204 	-66.2727158112847 	0.0069735 	1376.015852 	1374.339854 	20.4879695 	21.0013275 	0 	0
428.gda 	54446600700 	752084939.1 	173075.5365 	0 	-3747.997239 	0.059903 	-119.477119509085 	0.0063085 	1375.982989 	1374.443844 	20.4846365 	20.93265 	0 	0
429.gda 	54635410930 	752084999 	173135.4355 	0 	-5045.321188 	0.037313 	-160.832680522792 	0.00564 	1375.981414 	1374.345706 	20.481423 	21.0082315 	0 	0
430.gda 	54692917690 	752085059.5 	173195.8666 	0 	-6060.895898 	0.013771 	-193.206754797577 	0.0049685 	1375.964983 	1374.41976 	20.481661 	21.0137065 	0 	0
431.gda 	54509233630 	752085119.9 	173256.3122 	0 	-6854.758472 	-0.008786 	-218.513180490915 	0.004297 	1376.040612 	1374.26715 	20.468449 	21.0131115 	0 	0
432.gda 	54479396170 	752085179.8 	173316.2097 	0 	-7508.419518 	-0.0285195 	-239.350319349697 	0.0036285 	1375.897906 	1374.308116 	20.487612 	21.0090645 	0 	0
433.gda 	54425469590 	752085239.6 	173376.0362 	0 	-8045.10914 	-0.047711 	-256.458691106152 	0.002963 	1376.052542 	1374.403554 	20.4698775 	21.121901 	0 	0
434.gda 	54723060570 	752085299.5 	173435.9355 	0 	-8490.963265 	-0.0649655 	-270.671446126873 	0.0022985 	1375.875623 	1374.171039 	20.361802 	21.1330895 	0 	0
435.gda 	54556215550 	752085359.5 	173495.8874 	0 	-8886.006646 	-0.082351 	-283.264477080013 	0.001628 	1375.877424 	1374.281106 	20.4754715 	21.124996 	0 	0
436.gda 	54726756230 	752085419.4 	173555.8353 	0 	-9208.618027 	-0.101247 	-293.548550430347 	0.000968 	1376.081128 	1374.283132 	20.4755905 	21.0266805 	0 	0
437.gda 	54513323800 	752085479.3 	173615.7343 	0 	-9512.563233 	-0.1183865 	-303.237591106152 	0.0003 		1375.886427 	1374.291911 	20.4715435 	21.1238055 	0 	0
438.gda 	54633231020 	752085539.2 	173675.6357 	0 	-9773.774871 	-0.1335065 	-311.5643886197 	-0.0003595 	1375.929194 	1374.223259 	20.486898 	20.918486 	0 	0
439.gda 	54546203480 	752085599.6 	173736.0101 	0 	-10028.28836 	-0.1493325 	-319.677665285304 	-0.0010345 	1375.913437 	1374.307217 	20.5805715 	21.0396545 	0 	0
440.gda 	54587333470 	752085659.9 	173796.3321 	0 	-10233.58354 	-0.166209 	-326.221980873446 	-0.001703 	1375.969259 	1374.201425 	20.578905 	21.033822 	0 	0
441.gda 	54542685380 	752085719.7 	173856.1621 	0 	-10427.78081 	-0.180574 	-332.412521836149 	-0.0023705 	1375.99627 	1374.0729 	20.362992 	21.0270375 	0 	0
442.gda 	54477623840 	752085779.5 	173915.914 	0 	-10602.08061 	-0.1952835 	-337.968779407077 	-0.003035 	1375.976237 	1374.207053 	20.4769 	21.0225145 	0 	0
443.gda 	54568257110 	752085839.4 	173975.814 	0 	-10769.92851 	-0.2103875 	-343.319365954734 	-0.0037 	1376.022605 	1374.316669 	20.462974 	20.9212235 	0 	0
444.gda 	54504591030 	752085899.3 	174035.7374 	0 	-10908.75108 	-0.2256555 	-347.744694931463 	-0.0043675 	1375.900382 	1374.347057 	20.450476 	20.8025545 	0 	0
445.gda 	54596996690 	752085959.3 	174095.7139 	0 	-11040.64565 	-0.2409885 	-351.949175964297 	-0.005031 	1376.057043 	1374.335577 	20.4763045 	21.024657 	0 	0
446.gda 	54608125440 	752086019.4 	174155.7804 	0 	-11150.98464 	-0.256076 	-355.466517054511 	-0.0057 	1375.918614 	1374.180492 	20.248608 	21.139279 	0 	0
447.gda 	54521712220 	752086079.4 	174215.8548 	0 	-11259.567 	-0.272099 	-358.927861013707 	-0.006369 	1376.094632 	1374.384197 	20.3595405 	20.9515755 	0 	0
448.gda 	54462878420 	752086139.2 	174275.5683 	0 	-11367.70611 	-0.285528 	-362.375075231112 	-0.007034 	1375.915463 	1374.190846 	20.4760665 	21.0172775 	0 	0
449.gda 	54563506880 	752086199.6 	174336.0062 	0 	-11458.95207 	-0.3030615 	-365.283776538094 	-0.0077055 	1376.100034 	1374.2649 	20.571168 	21.0269185 	0 	0
450.gda 	54567210890 	752086259.9 	174396.3377 	0 	-11534.42125 	-0.316967 	-367.68955211986 	-0.0083775 	1375.955079 	1374.263099 	20.5993775 	20.924913 	0 	0
451.gda 	54519276910 	752086319.8 	174456.2367 	0 	-11595.82102 	-0.3328585 	-369.646828817341 	-0.0090405 	1375.786488 	1374.3923 	20.3606115 	20.917653 	0 	0
452.gda 	54572912980 	752086379.7 	174516.1621 	0 	-11654.87315 	-0.346928 	-371.529268409308 	-0.0097025 	1375.924017 	1374.322297 	20.4630925 	20.917177 	0 	0
453.gda 	54344104550 	752086439.6 	174576.0158 	0 	-9516.634819 	-0.3347305 	-303.367383455531 	-0.009686 	1375.826554 	1374.344356 	20.5897365 	20.9158675 	0 	0
454.gda 	54634440360 	752086499.5 	174635.9174 	0 	-5636.482555 	-0.299023 	-179.677480235894 	-0.0090195 	1375.922891 	1374.320046 	20.472734 	21.1418975 	0 	0
455.gda 	54536124310 	752086559.3 	174695.7449 	0 	-2334.457109 	-0.2649905 	-74.416866719796 	-0.0083585 	1375.885526 	1374.463426 	20.4717815 	21.125948 	0 	0
456.gda 	54431006810 	752086619.2 	174755.6446 	0 	350.7142125 	-0.2332235 	11.1799238922537 	-0.0076925 	1375.930769 	1374.438442 	20.487255 	21.129995 	0 	0
457.gda 	54670933710 	752086679.1 	174815.5457 	0 	2443.821356 	-0.202983 	77.9031353522474 	-0.0070275 	1375.853339 	1374.232487 	20.473686 	21.107023 	0 	0
458.gda 	54430494510 	752086739 	174875.4473 	0 	4071.324841 	-0.176322 	129.784024258846 	-0.006362 	1375.992218 	1374.282682 	20.4744005 	21.0341795 	0 	0
459.gda 	54604598660 	752086799.4 	174935.8264 	0 	5331.332898 	-0.149956 	169.950044564871 	-0.005687 	1376.033184 	1374.297312 	20.478209 	21.1382075 	0 	0
460.gda 	54619952060 	752086859.8 	174996.201 	0 	6285.031813 	-0.1287455 	200.351667612368 	-0.005018 	1375.888228 	1374.299338 	20.358112 	21.143683 	0 	0
461.gda 	54619633150 	752086919.8 	175056.2056 	0 	7047.669207 	-0.103529 	224.662709818298 	-0.00435 	1376.045564 	1374.415033 	20.477971 	21.2435455 	0 	0
462.gda 	54534442390 	752086979.7 	175116.1372 	0 	7647.942053 	-0.0841405 	243.797961523749 	-0.003686 	1375.962957 	1374.324998 	20.477614 	21.237118 	0 	0
463.gda 	54428987320 	752087039.6 	175175.9863 	0 	8152.158787 	-0.0642265 	259.871175868664 	-0.0030185 	1375.900608 	1374.320271 	20.440002 	21.139041 	0 	0
464.gda 	54566015990 	752087099.4 	175235.8344 	0 	8570.69497 	-0.0471365 	273.213100733185 	-0.0023535 	1376.041962 	1374.237664 	20.4799945 	20.9112255 	0 	0
465.gda 	54405236560 	752087159.2 	175295.5895 	0 	8938.321903 	-0.028503 	284.932161396238 	-0.001688 	1376.052541 	1374.315319 	20.3007415 	20.908369 	0 	0
466.gda 	54543949750 	752087219.5 	175355.9495 	0 	9242.119366 	-0.0111995 	294.616492381256 	-0.0010165 	1375.875173 	1374.541307 	20.3603735 	20.918486 	0 	0
467.gda 	54624193880 	752087280 	175416.4422 	0 	9533.013035 	0.005825 	303.889481510998 	-0.000343 	1375.994919 	1374.386898 	20.367039 	20.9031315 	0 	0
468.gda 	54586624250 	752087339.9 	175476.2692 	0 	9791.056198 	0.022784 	312.115275677399 	0.000318 	1375.968134 	1374.272328 	20.37549 	21.019539 	0 	0
469.gda 	54619280640 	752087399.8 	175536.1718 	0 	10008.94327 	0.037625 	319.060990436723 	0.000983 	1376.016527 	1374.365064 	20.2495605 	21.1411835 	0 	0
470.gda 	38381576310 	752087459.6 	175596.0254 	0 	10200.26755 	0.0525645 	325.159947401976 	0.001647 	1375.946751 	1374.459826 	20.3637065 	21.0321555 	0 	0
471.gda 	33823162500 	752087519.5 	175655.9495 	0 	10384.99219 	0.0668305 	331.048523748805 	0.0023135 	1375.961831 	1374.147179 	20.3598975 	21.075243 	0 	0
472.gda 	54519122800 	752087579.4 	175715.8496 	0 	10544.845 	0.0847085 	336.144246094995 	0.0029775 	1375.937297 	1374.246668 	20.3714425 	21.1315425 	0 	0
473.gda 	54122745850 	752087639.3 	175775.6751 	0 	10702.64568 	0.098663 	341.174551482308 	0.0036455 	1375.927618 	1374.478957 	20.2556305 	20.9253895 	0 	0
474.gda 	54563042880 	752087699.2 	175835.5757 	0 	10827.38242 	0.1145875 	345.150858144724 	0.0043115 	1376.03746 	1374.228661 	20.2561065 	20.8113625 	0 	0
475.gda 	54642295560 	752087759.1 	175895.4778 	0 	10944.86283 	0.1316125 	348.895850494103 	0.0049765 	1375.953953 	1374.490888 	20.372276 	20.8399285 	0 	0
476.gda 	54658937380 	752087819.6 	175955.9764 	0 	11056.97487 	0.1456655 	352.469712145362 	0.00565 	1376.031383 	1374.38127 	20.481661 	20.9113445 	0 	0
477.gda 	54548153200 	752087880.1 	176016.4825 	0 	11142.08085 	0.162181 	355.182685686962 	0.0063225 	1375.862793 	1374.22506 	20.490588 	20.947052 	0 	0
478.gda 	54571766790 	752087940 	176076.3851 	0 	11225.01979 	0.177662 	357.826579215811 	0.0069875 	1375.939098 	1374.284933 	20.4813035 	21.2644945 	0 	0
479.gda 	54354375480 	752087999.9 	176136.3106 	0 	11314.67331 	0.1907135 	360.684517373287 	0.0076565 	1375.930769 	1374.293261 	20.289315 	21.258305 	0 	0
480.gda 	54269676940 	752088059.6 	176196.0391 	0 	11370.42561 	0.2075085 	362.461766337265 	0.0083185 	1375.942474 	1374.385321 	20.3708475 	21.133685 	0 	0
481.gda 	54511426240 	752088119.5 	176255.9117 	0 	11421.43339 	0.2221355 	364.087771437679 	0.0089835 	1375.877424 	1374.483459 	20.4190535 	21.034179 	0 	0
482.gda 	54659849980 	752088179.2 	176315.6263 	0 	11476.87377 	0.2377155 	365.855077143768 	0.0096485 	1376.047589 	1374.408281 	20.475591 	21.011564 	0 	0
483.gda 	54205627560 	752088368.3 	176504.6963 	4.9543715 	9555.504509 	0.220215 	304.606455498884 	0.0096295 	1376.050066 	1374.312393 	20.440359 	21.128805 	0 	0
484.gda 	54249467170 	752088428.7 	176565.0999 	0 	6075.895158 	0.1878575 	193.684895058974 	0.008966 	1375.982089 	1374.429664 	20.480352 	20.913606 	0 	0
485.gda 	54309546480 	752088488.6 	176624.9994 	0 	2864.98417 	0.1533815 	91.3287908830092 	0.008301 	1376.064921 	1374.249369 	20.49154 	20.919319 	0 	0
486.gda 	54347344050 	752088548.5 	176684.9229 	0 	167.5328635 	0.1202355 	5.34054394325789 	0.007634 	1376.028232 	1374.210654 	20.482018 	21.0258475 	0 	0
487.gda 	54402216430 	752088608.4 	176744.7753 	0 	-1995.789945 	0.0902745 	-63.6209737009882 	0.006969 	1375.934595 	1374.331976 	20.4941585 	20.896585 	0 	0
488.gda 	54544109460 	752088668.3 	176804.6738 	0 	-3688.189955 	0.060231 	-117.570607427478 	0.006304 	1375.964757 	1374.126921 	20.4577365 	20.9710955 	0 	0
489.gda 	54384528840 	752088728.1 	176864.4998 	0 	-5001.766773 	0.0370665 	-159.444270736372 	0.005637 	1375.757903 	1374.287634 	20.490945 	21.1289235 	0 	0
490.gda 	54415188930 	752088788.1 	176924.5213 	0 	-6039.208983 	0.015807 	-192.515428211667 	0.00497 	1375.892505 	1374.422911 	20.487136 	21.148444 	0 	0
491.gda 	54399979420 	752088848.1 	176984.4748 	0 	-6869.99349 	-0.006077 	-218.998836149187 	0.0043 		1375.931669 	1374.22551 	20.370372 	21.135589 	0 	0
492.gda 	54261523810 	752088907.9 	177044.2998 	0 	-7520.420378 	-0.0260245 	-239.732877845075 	0.0036375 	1375.947426 	1374.307216 	20.3838215 	20.919319 	0 	0
493.gda 	54380913700 	752088968.4 	177104.7743 	0 	-8069.866045 	-0.0451175 	-257.247881574753 	0.0029645 	1375.857841 	1374.274579 	20.485946 	20.913963 	0 	0
494.gda 	54220147290 	752089028.6 	177165.0448 	0 	-8538.34286 	-0.0639635 	-272.181793433216 	0.0022925 	1375.950352 	1374.326348 	20.432265 	20.9159865 	0 	0
495.gda 	54393058400 	752089088.4 	177224.7708 	0 	-8933.977255 	-0.081629 	-284.793664488365 	0.0016285 	1375.965208 	1374.384421 	20.4156015 	20.9171765 	0 	0
496.gda 	54483935620 	752089148.1 	177284.5238 	0 	-9272.201249 	-0.098965 	-295.575430315588 	0.000966 	1375.980739 	1374.377894 	20.3654915 	21.235095 	0 	0
497.gda 	54425909930 	752089208 	177344.3763 	0 	-9581.055154 	-0.1177135 	-305.420948485814 	0.000302 	1375.980064 	1374.320722 	20.322404 	21.042868 	0 	0
498.gda 	54299137320 	752089268.4 	177404.7798 	0 	-9853.18413 	-0.133178 	-314.095764424609 	-0.000365 	1375.898582 	1374.444519 	20.3789415 	21.027633 	0 	0
499.gda 	54478579800 	752089328.8 	177465.1979 	0 	-10106.08875 	-0.149661 	-322.157754223781 	-0.001036 	1375.972185 	1374.352684 	20.3702525 	21.1245195 	0 	0
